-0.21535,0.17458,-0.20741
0.40902,-0.14045,-0.92352
-0.3161,0.33332,-0.38455
-0.2341,0.7477,-0.54742
-0.15622,-0.23114,-1.2156
-0.27834,0.59158,-0.58282
-0.43172,-0.81541,-1.0265
0.33559,-0.59689,-1.2557
-0.22176,0.74382,-0.18244
-0.23747,-1.0089,-1.2101
0.060554,0.073897,-1.1485
-0.314,0.32674,-0.20814
-0.33112,-0.40587,-0.78608
0.062571,-0.79747,-1.2616
0.26466,-0.38845,-0.76
-0.078566,0.93265,-0.16836
-0.32945,-0.29564,-1.1538
0.10225,0.95623,-0.17876
-0.16194,-0.45579,-0.64113
0.34712,-0.1918,-1.1876
0.29136,0.33882,-0.22161
-0.35469,-0.14414,-0.94264
-0.34004,0.29166,-0.74418
0.33123,0.58767,-0.52238
0.29311,-0.37142,-1.2473
-0.33062,0.12825,-0.70292
0.20054,-0.070689,-1.1755
0.11052,-0.26618,-1.2272
0.3452,0.45176,-0.34887
-0.28936,0.61236,-0.41471
-0.33921,0.40137,-0.92485
0.14407,-0.19239,-0.51152
0.131,-0.66382,-1.2692
0.013698,-0.58912,-1.2697
-0.07762,-0.78182,-1.2617
-0.094149,-0.61879,-1.2697
-0.11276,0.93164,-0.37455
0.39083,0.20153,-0.998
-0.19384,-0.91147,-0.86394
-0.073682,0.94811,-0.26144
-0.143,0.85796,-0.19119
0.31542,0.68519,-0.1922
0.28163,-0.096801,-0.59152
-0.42092,-0.64593,-1.0618
0.086701,1.0085,-0.49364
-0.078444,-0.41636,-1.2574
0.25734,0.80089,-0.32131
-0.093963,0.10068,-0.2069
-0.018533,-0.22048,-0.47134
-0.37926,-0.67897,-0.88388
-0.046385,0.99781,-0.48136
-0.29941,0.36825,-0.59268
-0.17737,-0.032314,-0.43512
0.063297,-0.99087,-1.223
-0.069617,0.0034691,-0.32564
0.33546,0.40865,-0.72236
0.21737,-0.26824,-0.63126
0.3448,-0.20747,-0.76168
0.19445,-0.040233,-0.45003
0.18639,0.13301,-0.29569
-0.29079,0.2153,-0.51215
-0.28273,-0.099665,-0.60083
-0.36697,-0.86772,-0.89455
0.3362,0.42009,-0.528
0.43937,-0.48476,-1.0073
-0.35058,0.20428,-0.91695
0.34678,0.51431,-0.20898
-0.27304,-0.57022,-0.75414
0.34573,0.24963,-0.55929
-0.341,0.47821,-0.20529
-0.16156,0.90939,-0.53265
0.43301,-0.45332,-1.1712
-0.40105,-0.96866,-1.097
-0.39729,-1.0237,-0.98726
0.26603,0.76975,-0.62462
0.002761,-0.52049,-0.67687
0.37501,-0.64907,-0.95668
-0.10489,-0.76982,-0.80911
-0.17656,-0.27561,-0.55307
0.1191,-0.7842,-0.86402
-0.16157,-0.13774,-0.48036
0.39574,0.058481,-0.87198
0.064109,0.10049,-0.20691
0.32505,0.078753,-0.57945
0.022656,0.97295,-0.1727
-0.31802,0.4942,-0.74572
0.2586,0.11569,-0.42467
-0.20546,0.78802,-0.40289
0.22029,0.21266,-0.22236
-0.2868,0.057162,-0.52917
0.11813,-0.39877,-0.63639
0.43797,-0.27212,-1.0794
-0.2719,-0.45713,-1.2515
0.16747,-0.8989,-1.2416
-0.25899,-0.75019,-0.80347
0.10505,0.019806,-0.33082
-0.28928,-1.0258,-0.89554
0.35468,-0.78209,-1.2322
-0.26895,0.67371,-0.29954
-0.086495,-0.94695,-1.2322
0.29662,0.76503,-0.45166
-0.24464,0.1595,-1.1056
-0.38519,-0.50559,-0.91685
-0.30409,0.46795,-0.47381
-0.27626,-0.29673,-0.66364
0.26941,-0.80686,-0.92974
0.37729,0.63297,-0.33129
-0.32501,-0.64107,-1.2431
-0.38941,-0.48103,-1.1026
0.15817,-0.53684,-0.75595
-0.010205,-0.35551,-0.55511
-0.29804,0.60802,-0.19146
-0.33705,-0.026729,-0.76463
0.32227,-0.50947,-0.87174
0.1913,0.90675,-0.47646
0.46252,-0.64778,-1.1192
-0.36663,-0.31603,-0.96609
0.22149,-0.65281,-0.85708
-0.35352,-0.92387,-1.1917
0.045466,-0.66652,-0.78356
-0.11412,-0.61655,-0.72278
0.15737,0.91109,-0.24344
-0.17714,0.81769,-0.28074
-0.0025947,-0.1141,-1.1855
-0.30517,-0.097379,-1.1176
0.035932,0.98764,-0.29688
-0.34206,0.034321,-0.9543
0.22622,0.79989,-0.1898
-0.34095,-0.20387,-0.78286
0.36156,-0.018679,-0.72795
-0.26852,0.21537,-0.31503
-0.20721,0.091585,-0.35066
-0.098151,-1.089,-1.2078
0.30235,0.27794,-0.38163
0.396,-0.33646,-0.90951
0.017672,-0.094788,-0.39287
-0.010266,-0.85876,-0.87129
0.1345,0.95654,-0.35082
0.1152,-0.45414,-1.2649
-0.15889,-0.0011548,-1.1583
-0.35108,0.47759,-0.32718
-0.3925,-0.76921,-1.1805
-0.26904,-0.82386,-1.25
0.41775,-0.77902,-1.0174
0.11598,-1.4298,-1.0842
0.20836,-1.3507,-1.0963
0.13309,-1.3876,-1.0176
0.19026,-1.3547,-1.0178
0.17225,-1.39,-1.1249
0.21569,-1.2889,-1.0592
0.19914,-1.2518,-1.0008
0.26799,-1.2225,-1.0127
0.28637,-1.2932,-1.0764
-0.40253,-1.2211,-1.0214
-0.40565,-1.1304,-1.056
-0.41414,-1.2765,-1.0961
-0.4123,-1.2006,-1.1168
-0.34514,-1.4619,-1.0332
-0.39687,-1.3721,-1.0608
-0.34512,-1.3859,-0.99087
-0.3778,-1.3165,-1.0051
-0.27464,-1.3912,-0.96553
-0.30671,-1.3116,-0.98379
0.02079,-1.3955,-0.96763
0.061307,-1.3534,-0.98933
0.058852,-1.4341,-1.0205
-0.33345,-1.2807,-1.1901
-0.35684,-1.3964,-1.1405
-0.26866,-1.3265,-1.1883
-0.3931,-1.3101,-1.1486
-0.27181,-1.4178,-1.1492
-0.15565,0.97516,-1.1267
-0.035457,1.0774,-1.1043
-0.084574,1.1429,-0.95831
-0.22645,1.045,-0.96713
-0.12644,-1.4422,-1.0012
-0.25357,-1.4973,-1.0115
-0.21247,-1.4594,-0.95914
-0.15264,-1.4703,-1.0592
-0.23596,-1.4785,-1.0933
-0.17827,-1.4036,-0.97683
0.11311,1.1547,-0.96808
0.11437,1.0248,-1.1199
0.26838,1.005,-1.065
0.23261,1.0659,-0.88668
-0.163,-1.198,-1.2049
-0.2079,-1.2621,-1.1997
-0.26447,-1.2007,-1.2063
-0.2169,-1.1312,-1.2067
-0.23974,-1.3025,-0.95969
-0.20559,-1.2335,-0.93971
-0.13525,-1.2381,-0.97475
0.46183,-0.98796,-1.104
0.4118,-1.0512,-1.0481
0.40705,-1.1339,-1.1289
0.44511,-1.0698,-1.1106
0.41995,-1.0548,-1.1803
0.15937,-1.0498,-0.95798
0.21232,-1.0872,-0.98879
0.1316,-1.1278,-0.94821
0.19251,-1.1586,-0.98678
0.29463,-0.97688,-0.97415
0.21409,-0.98492,-0.97098
0.27532,-1.0362,-0.97198
0.25897,-0.92332,-0.95273
0.32546,-0.89559,-0.99419
0.35573,-0.97592,-1.0314
0.42804,-0.93003,-1.0341
0.38016,-0.87271,-1.0214
0.037016,-1.4258,-1.1027
-0.080029,-1.4719,-1.0644
-0.0047289,-1.4784,-1.0673
-0.034379,-1.4076,-1.1381
0.29248,-1.1624,-0.99399
0.29524,-1.0936,-0.98418
0.33973,-1.0672,-1.0356
0.34362,-1.1477,-1.0548
-0.18743,-1.3501,-1.1775
-0.15294,-1.412,-1.1325
-0.13728,-1.3068,-1.1831
-0.083201,-1.3586,-1.1565
0.45201,-0.83871,-1.0959
0.44324,-0.88905,-1.1733
0.45926,-0.90864,-1.0984
0.44177,-0.80131,-1.1475
-0.24875,0.8326,-1.1067
-0.28096,0.9138,-0.96358
-0.2993,0.74549,-1.0208
-0.28424,0.80815,-0.91026
0.07083,-1.1883,-0.95425
0.11987,-1.3019,-0.96453
0.1432,-1.2314,-0.95082
0.048527,-1.2709,-0.96379
-0.10278,-1.3706,-0.96962
-0.081595,-1.2773,-0.94989
-0.0076638,-1.2884,-0.93554
-0.035329,-1.3543,-0.94125
-0.27542,-1.1838,-0.92104
-0.36776,-1.1619,-0.96384
-0.32022,-1.1252,-0.92719
-0.32649,-1.2479,-0.95281
-0.1946,-1.0647,-0.92403
-0.1471,-1.1489,-0.96048
-0.13977,-1.0753,-0.95699
-0.21536,-1.1416,-0.92906
0.3679,-1.0267,-1.2037
0.29781,-0.97922,-1.2135
0.39803,-0.94074,-1.2055
0.31328,-0.90955,-1.2217
0.29672,-1.1908,-1.1848
0.34409,-1.1891,-1.105
0.34589,-1.138,-1.1681
0.3198,-1.266,-1.1384
0.22895,-1.2377,-1.184
0.14828,-1.2565,-1.1833
0.18159,-1.1864,-1.1927
0.21163,-1.3003,-1.1521
0.0018681,-1.3334,-1.1673
0.11482,-1.3413,-1.1636
0.058441,-1.3688,-1.1389
0.064124,-1.2733,-1.1798
-0.38911,-1.1036,-1.1328
-0.31376,-1.131,-1.1977
-0.34186,-1.0628,-1.1762
-0.36554,-1.1884,-1.184
-0.056841,-1.1114,-0.93734
-0.089175,-1.1854,-0.94994
0.018325,-1.1363,-0.94389
-0.015811,-1.2004,-0.9279
0.06002,-1.0918,-0.96241
0.085763,-1.028,-0.94302
0.038668,-0.97383,-0.92302
0.0081361,-1.0437,-0.94163
0.010511,1.0926,-0.68025
0.062217,1.0598,-0.61414
0.067098,1.1364,-0.8007
0.14218,1.0804,-0.71868
-0.32286,0.58012,-0.87507
-0.3054,0.56167,-1.0107
-0.30938,0.67018,-0.93321
-0.0024887,-1.2169,-1.1927
-0.10263,-1.2332,-1.1966
-0.048744,-1.2788,-1.1843
-0.058711,-1.192,-1.1995
0.25555,0.77757,-1.1215
0.16387,0.83816,-1.1371
0.09118,0.69105,-1.1398
-0.0075951,0.79882,-1.1407
0.064311,-1.1007,-1.2038
0.010808,-1.1249,-1.2034
0.072029,-1.1915,-1.1944
0.12503,-1.1314,-1.1995
0.092908,-0.92715,-0.91098
0.14084,-0.87514,-0.90185
0.18618,-0.90222,-0.92339
0.14473,-0.97447,-0.93468
0.21558,-1.1213,-1.1986
0.18107,-1.035,-1.209
0.29463,-1.0834,-1.1961
0.24571,-1.0398,-1.2056
-0.11516,0.74311,-1.1401
-0.19716,0.55646,-1.1117
-0.21724,0.67089,-1.1198
-0.06677,0.60669,-1.1379
-0.12343,-0.97797,-0.91442
-0.049368,-0.96057,-0.91533
-0.074498,-1.0348,-0.94337
0.0797,0.40608,-1.1331
-0.09273,0.46214,-1.1289
0.01786,0.51694,-1.1357
-0.036727,0.37716,-1.1306
0.32909,0.68134,-1.0338
0.33961,0.55645,-1.017
0.34155,0.59715,-0.90965
0.24358,0.61901,-1.1221
0.24899,0.48473,-1.1152
0.12868,0.5561,-1.1346
-0.073645,1.1214,-0.81871
-0.072866,1.074,-0.69429
-0.11691,1.02,-0.6414
-0.17399,1.0416,-0.78711
0.31179,0.84654,-0.81907
0.31679,0.92192,-0.92697
0.33727,0.74431,-0.87225
0.32825,0.81229,-1.0211
0.16741,0.29728,-1.1331
0.30295,0.29825,-1.1076
0.2649,0.39127,-1.1125
-0.28165,0.71323,-0.81088
-0.25367,0.73721,-0.68876
-0.28183,0.63705,-0.72942
0.043871,0.20657,-1.1387
-0.10037,0.21849,-1.1307
-0.020384,0.28142,-1.1325
0.39315,0.050483,-1.0711
0.38295,-0.060687,-1.1247
0.411,-0.020624,-1.0136
0.35833,0.40443,-1.0177
0.36322,0.33841,-0.90251
0.34638,0.45338,-0.89831
-0.23773,0.9344,-0.80896
-0.19773,0.91872,-0.67244
-0.24045,0.8345,-0.72657
0.36917,0.24527,-0.70194
0.37498,0.14574,-0.7396
0.37206,0.25217,-0.81597
0.32449,0.55409,-0.78556
0.30841,0.61859,-0.67866
0.31686,0.68152,-0.77493
0.2974,0.06752,-1.1447
0.32004,0.16566,-1.1213
0.21241,0.13499,-1.1433
0.20402,0.9361,-0.60771
0.25263,0.92969,-0.73725
0.18367,1.0099,-0.66569
-0.17101,0.3586,-1.1114
-0.27622,0.3207,-1.0597
-0.24991,0.4454,-1.0783
-0.067138,-1.4561,-0.98405
-0.0014271,-1.4709,-0.99169
-0.034053,-1.4254,-0.97539
-0.17403,-1.3313,-0.97923
-0.17393,-1.3663,-0.98619
-0.15477,-1.2965,-0.97197
