354,323,185
285,287,286
267,266,243
200,232,201
18,122,126
337,82,2
289,292,291
251,253,250
65,116,72
45,355,275
72,8,25
345,82,346
233,231,232
52,6,86
202,206,205
299,247,246
101,47,107
138,126,122
85,18,126
138,115,45
353,354,355
143,100,10
337,335,82
262,264,263
52,86,23
280,228,279
40,123,41
127,113,26
38,82,335
62,113,129
143,108,36
63,7,74
233,165,231
268,273,266
261,283,281
241,238,239
364,192,191
168,159,170
299,250,297
118,120,80
118,114,110
67,29,107
348,56,347
134,64,29
325,324,312
134,69,64
338,327,328
21,134,29
206,209,106
22,113,127
84,43,130
65,92,135
82,130,2
120,118,110
84,87,59
5,93,17
358,357,31
54,14,94
93,46,36
135,2,58
144,77,106
251,195,217
8,72,116
248,246,247
124,11,27
279,358,31
92,336,2
352,11,332
115,47,101
348,64,56
56,346,339
352,27,11
38,335,351
337,336,335
277,275,355
274,319,320
101,107,24
315,313,316
182,183,173
318,319,274
174,318,276
275,320,51
355,45,353
275,274,320
279,228,303
51,37,126
45,51,126
99,141,112
318,321,319
71,37,51
173,288,172
321,320,319
301,304,303
333,356,334
341,321,175
172,288,301
302,303,304
304,288,287
304,287,310
333,332,11
325,312,285
313,338,316
340,338,313
333,11,140
308,317,316
352,327,351
102,356,333
311,308,334
54,94,298
253,257,254
166,210,145
291,292,256
186,187,188
167,188,169
179,176,178
241,161,163
33,98,94
249,247,94
133,54,290
54,298,289
290,284,133
283,261,258
171,158,168
265,263,188
125,127,102
5,124,28
6,330,331
12,70,141
71,4,88
96,87,60
104,3,141
74,97,63
103,117,109
177,162,158
180,177,158
161,241,154
160,158,162
156,159,161
192,267,243
166,145,147
147,149,148
361,359,360
211,179,219
234,362,363
181,178,176
39,63,97
262,73,264
148,149,146
283,258,221
259,257,149
202,207,206
250,252,251
224,223,222
153,146,257
149,257,146
231,148,151
166,164,360
214,215,199
77,144,116
217,152,251
194,196,193
198,199,203
153,150,146
270,268,230
230,232,200
306,305,307
242,97,245
191,243,245
307,305,244
120,121,78
68,103,50
273,306,307
78,95,39
15,58,57
55,83,48
107,47,42
67,107,42
29,64,24
21,29,67
89,134,21
42,47,128
75,101,24
107,29,24
64,69,56
96,60,83
69,344,56
130,58,2
344,346,56
344,345,346
139,8,33
336,337,2
2,135,92
58,15,135
15,114,135
98,249,94
344,84,345
69,134,87
69,84,344
130,82,345
345,84,130
134,89,60
59,43,84
84,69,87
58,43,57
58,130,43
83,60,89
87,134,60
106,77,118
65,135,114
209,144,106
65,114,77
79,62,105
120,78,137
53,62,81
32,43,59
205,106,295
77,114,118
293,296,295
114,15,110
199,204,203
206,106,205
203,204,202
246,197,252
204,215,216
201,232,151
205,203,202
199,215,204
295,203,205
296,198,203
209,207,208
202,204,216
207,209,206
224,193,223
208,222,209
222,225,144
77,116,65
33,94,14
209,222,144
225,116,144
195,197,196
207,202,216
255,256,254
256,297,250
195,196,194
216,215,217
217,214,152
153,257,253
150,153,152
217,215,214
251,153,253
150,151,148
251,152,153
214,199,201
151,150,152
148,146,150
260,258,261
254,250,253
261,291,255
290,289,291
189,10,133
143,36,35
259,261,255
220,221,218
291,256,255
299,300,247
255,254,257
256,250,254
292,297,256
298,94,247
292,298,297
292,289,298
290,54,289
100,14,54
297,300,299
247,249,248
248,197,246
195,194,217
298,300,297
298,247,300
252,299,246
252,250,299
207,194,208
197,248,193
193,196,197
193,208,194
216,194,207
216,217,194
252,195,251
252,197,195
65,72,92
116,225,98
223,225,222
223,248,98
208,224,222
208,193,224
98,248,249
223,193,248
33,8,98
20,28,27
116,98,8
225,223,98
34,33,14
34,139,33
314,340,313
346,82,38
20,336,92
27,352,350
348,75,24
115,138,47
324,322,349
353,115,75
75,348,349
24,64,348
348,347,349
56,339,340
347,314,349
338,339,38
347,340,314
347,56,340
316,338,328
340,339,338
312,313,315
308,311,310
285,184,325
314,313,312
183,286,288
285,315,287
312,315,285
310,311,309
286,287,288
315,316,317
277,354,185
324,314,312
286,184,285
324,349,314
323,324,325
322,354,75
75,354,353
75,349,322
323,322,324
323,354,322
128,122,18
128,47,122
47,138,122
45,126,138
75,115,101
353,45,115
354,277,355
276,318,274
40,16,85
126,40,85
37,40,126
123,9,41
275,51,45
320,71,51
277,274,275
277,276,274
185,276,277
183,184,286
174,175,318
175,172,227
318,175,321
172,226,227
185,182,276
173,175,174
276,182,174
185,323,184
185,184,182
323,325,184
173,183,288
182,184,183
175,173,172
174,182,173
315,317,287
316,328,308
226,301,303
226,172,301
304,310,309
287,317,310
302,304,309
301,288,304
321,341,342
4,343,330
343,341,229
342,320,321
228,227,226
341,175,227
343,342,341
71,320,342
329,229,280
341,227,229
329,343,229
343,4,342
329,280,278
228,226,303
86,331,278
278,331,329
309,358,302
278,280,279
229,228,280
229,227,228
356,358,309
279,303,302
311,356,309
311,334,356
302,358,279
356,102,357
308,326,334
326,352,332
332,333,334
26,66,127
11,124,140
28,20,25
93,5,46
140,124,5
317,308,310
328,327,326
334,326,332
308,328,326
338,38,327
350,336,27
327,352,326
351,335,350
327,38,351
339,346,38
351,350,352
335,336,350
72,25,92
27,336,20
139,25,8
20,92,25
46,139,34
28,25,139
46,28,139
124,27,28
36,46,34
5,28,46
14,35,34
108,93,36
34,35,36
14,100,35
259,260,261
218,219,171
260,213,258
212,360,211
213,221,258
211,359,176
171,219,180
221,213,219
179,177,180
178,162,177
169,168,167
158,160,159
163,160,162
161,159,160
154,239,155
161,160,163
171,168,169
158,159,168
265,170,157
167,168,170
170,156,157
170,159,156
156,154,157
156,161,154
284,281,283
221,219,218
218,171,169
180,158,171
220,283,221
281,291,261
220,282,283
290,291,281
169,187,218
282,284,283
186,284,282
290,281,284
187,186,282
220,187,282
189,133,186
133,284,186
218,187,220
169,188,187
188,189,186
100,54,133
140,102,333
125,5,17
356,357,358
102,66,357
263,264,10
119,142,143
133,10,100
189,188,263
100,143,35
142,7,44
109,117,17
22,129,113
10,119,143
155,157,154
10,264,119
10,189,263
167,265,188
265,262,263
170,265,167
157,262,265
155,262,157
73,119,264
240,74,239
239,74,155
279,31,278
357,66,31
31,86,278
31,66,23
61,3,52
86,31,23
131,3,61
23,66,26
329,330,343
99,9,123
329,331,330
6,52,104
6,4,330
71,342,4
123,88,99
37,71,88
37,123,40
37,88,123
40,41,16
4,30,88
141,70,112
99,112,9
99,30,141
99,88,30
4,6,30
331,86,6
26,61,23
104,30,6
3,104,52
141,30,104
26,90,61
12,141,3
102,127,66
102,140,125
62,90,113
13,19,105
131,61,132
26,113,90
23,61,52
90,132,61
108,44,109
17,22,125
5,125,140
17,117,22
93,108,109
13,129,117
125,22,127
117,129,22
155,73,262
7,119,73
73,74,7
73,155,74
143,142,108
119,7,142
242,39,97
95,50,63
142,44,108
7,63,50
93,109,17
103,13,117
44,103,109
50,95,68
44,50,103
44,7,50
76,91,111
136,59,96
181,363,162
241,239,154
162,363,190
240,97,74
163,190,241
245,97,240
238,240,239
238,245,240
241,191,238
361,237,234
266,244,243
244,245,243
191,245,238
244,242,245
305,242,244
305,39,242
165,233,236
192,243,191
236,269,235
266,307,244
190,364,191
235,267,192
269,266,267
271,200,198
190,362,364
361,234,359
234,364,362
235,192,364
241,190,191
163,162,190
179,178,177
181,162,178
190,363,362
181,176,234
361,360,164
359,211,360
213,211,219
213,210,212
237,361,164
234,363,181
219,179,180
211,176,179
257,259,255
149,145,260
149,260,259
210,213,260
147,145,149
210,260,145
213,212,211
210,166,212
214,201,152
232,231,151
231,147,148
165,164,166
230,233,232
165,147,231
165,166,147
360,212,166
269,236,233
236,237,164
165,236,164
235,364,234
359,234,176
237,235,234
230,269,233
235,237,236
268,269,230
267,235,269
269,268,266
230,200,270
293,272,271
307,266,273
295,294,293
137,39,306
306,39,305
95,63,39
152,201,151
199,200,201
271,198,296
200,199,198
293,271,296
273,268,270
271,270,200
271,273,270
203,295,296
106,118,80
137,293,294
295,106,294
57,91,15
19,76,111
80,137,294
272,273,271
137,80,120
294,106,80
137,272,293
306,273,272
39,137,78
306,272,137
91,76,110
76,121,120
15,91,110
57,43,32
136,32,59
91,57,32
79,19,111
91,32,111
53,136,55
59,87,96
136,49,32
111,32,49
110,76,120
19,13,68
19,121,76
95,78,121
103,68,13
95,121,68
121,19,68
111,49,79
129,105,62
129,13,105
19,79,105
49,81,79
90,62,53
62,79,81
90,53,132
81,49,136
1,131,132
12,3,131
12,131,1
55,136,96
53,81,136
48,132,55
53,55,132
96,83,55
1,132,48
